0 0.527488 0.790336 0.070639 0.075075
0 0.367399 0.334425 0.080620 0.069615
0 0.813345 0.430931 0.082770 0.090090
0 0.374309 0.571253 0.057586 0.051870
0 0.624232 0.674311 0.084459 0.080535
0 0.418842 0.716626 0.046837 0.072345
0 0.600814 0.520066 0.068335 0.061425
0 0.722128 0.440895 0.060657 0.031395
0 0.823096 0.566476 0.035319 0.039585
0 0.494088 0.896806 0.048372 0.140595
0 0.494472 0.586268 0.104423 0.060060
0 0.268581 0.321321 0.067568 0.093093
0 0.180743 0.280781 0.070946 0.114114
0 0.447251 0.464783 0.034552 0.043680
0 0.619625 0.933661 0.104423 0.094185
0 0.312884 0.935708 0.042230 0.101010
0 0.343980 0.218400 0.062961 0.061425
0 0.470439 0.177177 0.113176 0.063063
0 0.529561 0.241742 0.028716 0.006006
0 0.617399 0.246246 0.028716 0.135135
