0 0.668243 0.555556 0.141892 0.074474
0 0.675676 0.324324 0.024324 0.046847
0 0.632432 0.269670 0.062162 0.081682
0 0.289977 0.314064 0.090090 0.055055
0 0.869257 0.359159 0.052027 0.058859
0 0.944932 0.270270 0.110135 0.104505
0 0.172297 0.649249 0.091892 0.060060
0 0.468243 0.964565 0.062162 0.044444
0 0.480743 0.440240 0.043919 0.024024
0 0.405068 0.342342 0.039865 0.042042
0 0.278716 0.271522 0.076014 0.075075
0 0.340203 0.538739 0.097973 0.098498
0 0.403378 0.264264 0.032432 0.078078
0 0.715203 0.419820 0.043919 0.052853
0 0.370946 0.434835 0.091892 0.039640
0 0.706419 0.332132 0.037162 0.036036
0 0.590878 0.717117 0.039865 0.027628
0 0.281532 0.381632 0.067568 0.055055
0 0.261149 0.596997 0.046622 0.051652
0 0.475000 0.319520 0.079730 0.037237
0 0.578041 0.423423 0.033108 0.057658
0 0.249859 0.456707 0.077421 0.070070
0 0.705743 0.233033 0.038514 0.049249
0 0.328716 0.793994 0.118243 0.061261
0 0.338514 0.922523 0.055405 0.042042
0 0.181757 0.586787 0.082432 0.069670
0 0.573311 0.592793 0.026351 0.048048
0 0.258108 0.865465 0.055405 0.069670
0 0.259291 0.181557 0.044482 0.050300
0 0.564527 0.276877 0.120946 0.060060
