0 0.643761 0.443051 0.082325 0.141378
0 0.391465 0.502290 0.057124 0.038829
0 0.907818 0.294703 0.059364 0.053763
0 0.946461 0.231481 0.040323 0.044803
0 0.714046 0.345480 0.047043 0.043807
0 0.605399 0.214058 0.100806 0.063720
0 0.708725 0.708881 0.040883 0.053763
0 0.788810 0.700916 0.037522 0.059737
0 0.749888 0.810932 0.045923 0.022899
0 0.404626 0.272302 0.087926 0.056750
0 0.141129 0.351454 0.050403 0.069693
0 0.629200 0.528674 0.042003 0.085623
0 0.210853 0.424632 0.039763 0.032855
