0 0.508446 0.153153 0.111486 0.093093
0 0.184122 0.450450 0.077703 0.051051
0 0.611486 0.830330 0.125000 0.084084
0 0.198480 0.756757 0.113176 0.099099
0 0.225507 0.641141 0.082770 0.084084
0 0.869088 0.693694 0.079392 0.159159
0 0.907939 0.534535 0.099662 0.069069
0 0.178209 0.369369 0.086149 0.087087
0 0.570946 0.042042 0.111486 0.081081
0 0.464527 0.055556 0.091216 0.066066
0 0.827703 0.286787 0.081081 0.102102
0 0.395270 0.533033 0.104730 0.072072
0 0.146115 0.286787 0.079392 0.060060
