0 0.460304 0.622372 0.050676 0.081081
0 0.626689 0.126877 0.076014 0.036036
0 0.797720 0.358108 0.061655 0.054054
0 0.670186 0.331081 0.039696 0.102102
0 0.289466 0.391073 0.053747 0.049140
0 0.257985 0.625171 0.062961 0.077805
0 0.075630 0.299618 0.031480 0.117390
0 0.369318 0.601966 0.064496 0.069615
0 0.360104 0.264810 0.070639 0.085995
0 0.403486 0.178133 0.028409 0.051870
0 0.924831 0.289790 0.059122 0.060060
0 0.242629 0.348758 0.029177 0.073710
0 0.317568 0.031532 0.081081 0.0600600 0.279100 0.421103 0.051443 0.076440
0 0.405405 0.542588 0.072174 0.073710
0 0.114020 0.438848 0.052979 0.049140
0 0.049140 0.178815 0.041462 0.129675
0 0.232647 0.193830 0.093673 0.064155
0 0.336302 0.926153 0.066032 0.051870
0 0.282171 0.648376 0.062193 0.146055
0 0.624578 0.340841 0.085304 0.058559
0 0.620355 0.245495 0.120777 0.072072
0 0.160089 0.653153 0.051443 0.095550
0 0.254530 0.114660 0.020731 0.061425
0 0.798142 0.590090 0.077703 0.076577
0 0.134751 0.331013 0.085227 0.073710
0 0.380451 0.388343 0.057586 0.049140
0 0.557432 0.095345 0.059122 0.054054
